[19/11/2025 21:19:12] Written data (COM4)	
    50 00 81 84 00 00 00 00 00 00 00 00 00 00 00 00   P.ÅÑ............	
    00 00 00 00 00 00 00 00 00 00 00 00 00 00 00 00   ................	
    00 00 00 00 55                                    ....U           	
[19/11/2025 21:19:12] Read data (COM4)	
    50 00 81 84 00 00 00 00 00 00 00 00 00 00 00 00   P.ÅÑ............	
    00 00 00 00 00 00 09 00 00 00 00 09 00 00 00 00   ................	
    09 00 00 00 70                                    ....p           	
[19/11/2025 21:19:12] Written data (COM4)	
    50 00 81 95 00 00 00 00 00 00 00 00 00 00 00 00   P.Åï............	
    00 00 00 00 00 00 00 00 00 00 00 00 00 00 00 00   ................	
    00 00 00 00 66                                    ....f           	
[19/11/2025 21:19:12] Read data (COM4)	
    50 00 81 95 00 09 00 00 00 00 09 00 00 00 00 09   P.Åï............	
    00 00 00 00 09 00 00 00 04 d2 01 b5 01 d2 01 d1   .........“.µ.“.—	
    01 d1 01 d1 5f                                    .—.—_           	
[19/11/2025 21:19:12] Written data (COM4)	
    50 00 81 44 00 00 00 00 00 00 00 00 00 00 00 00   P.ÅD............	
    00 00 00 00 00 00 00 00 00 00 00 00 00 00 00 00   ................	
    00 00 00 00 15                                    .....           	
[19/11/2025 21:19:12] Read data (COM4)	
    50 00 81 44 08 00 00 00 01 14 19 0b 13 15 10 05   P.ÅD............	
    c5 94 97 00 00 00 00 00 00 00 00 00 00 00 00 00   ≈îó.............	
    00 00 00 00 83                                    ....É           	
[19/11/2025 21:19:13] Written data (COM4)	
    50 00 81 64 00 00 00 00 00 00 00 00 00 00 00 00   P.Åd............	
    00 00 00 00 00 00 00 00 00 00 00 00 00 00 00 00   ................	
    00 00 00 00 35                                    ....5           	
[19/11/2025 21:19:13] Read data (COM4)	
    50 00 81 64 00 00 00 00 00 00 00 00 00 00 00 00   P.Åd............	
    00 00 00 00 00 00 00 00 00 00 00 00 00 00 00 00   ................	
    00 00 00 00 35                                    ....5           	
[19/11/2025 21:19:13] Written data (COM4)	
    50 00 81 84 00 00 00 00 00 00 00 00 00 00 00 00   P.ÅÑ............	
    00 00 00 00 00 00 00 00 00 00 00 00 00 00 00 00   ................	
    00 00 00 00 55                                    ....U           	
[19/11/2025 21:19:13] Read data (COM4)	
    50 00 81 84 00 00 00 00 00 00 00 00 00 00 00 00   P.ÅÑ............	
    00 00 00 00 00 00 09 00 00 00 00 09 00 00 00 00   ................	
    09 00 00 00 70                                    ....p           	
[19/11/2025 21:19:13] Written data (COM4)	
    50 00 81 95 00 00 00 00 00 00 00 00 00 00 00 00   P.Åï............	
    00 00 00 00 00 00 00 00 00 00 00 00 00 00 00 00   ................	
    00 00 00 00 66                                    ....f           	
[19/11/2025 21:19:13] Read data (COM4)	
    50 00 81 95 00 09 00 00 00 00 09 00 00 00 00 09   P.Åï............	
    00 00 00 00 09 00 00 00 04 d2 01 b5 01 d2 01 d1   .........“.µ.“.—	
    01 d1 01 d1 5f                                    .—.—_           	
[19/11/2025 21:19:13] Written data (COM4)	
    50 00 81 44 00 00 00 00 00 00 00 00 00 00 00 00   P.ÅD............	
    00 00 00 00 00 00 00 00 00 00 00 00 00 00 00 00   ................	
    00 00 00 00 15                                    .....           	
[19/11/2025 21:19:13] Read data (COM4)	
    50 00 81 44 08 00 00 00 01 14 19 0b 13 15 10 06   P.ÅD............	
    c5 94 98 00 00 00 00 00 00 00 00 00 00 00 00 00   ≈îò.............	
    00 00 00 00 85                                    ....Ö           	
[19/11/2025 21:19:13] Written data (COM4)	
    50 00 81 64 00 00 00 00 00 00 00 00 00 00 00 00   P.Åd............	
    00 00 00 00 00 00 00 00 00 00 00 00 00 00 00 00   ................	
    00 00 00 00 35                                    ....5           	
[19/11/2025 21:19:13] Read data (COM4)	
    50 00 81 64 00 00 00 00 00 00 00 00 00 00 00 00   P.Åd............	
    00 00 00 00 00 00 00 00 00 00 00 00 00 00 00 00   ................	
    00 00 00 00 35                                    ....5           	
[19/11/2025 21:19:14] Written data (COM4)	
    50 00 81 84 00 00 00 00 00 00 00 00 00 00 00 00   P.ÅÑ............	
    00 00 00 00 00 00 00 00 00 00 00 00 00 00 00 00   ................	
    00 00 00 00 55                                    ....U           	
[19/11/2025 21:19:14] Read data (COM4)	
    50 00 81 84 00 00 00 00 00 00 00 00 00 00 00 00   P.ÅÑ............	
    00 00 00 00 00 00 09 00 00 00 00 09 00 00 00 00   ................	
    09 00 00 00 70                                    ....p           	
[19/11/2025 21:19:14] Written data (COM4)	
    50 00 81 95 00 00 00 00 00 00 00 00 00 00 00 00   P.Åï............	
    00 00 00 00 00 00 00 00 00 00 00 00 00 00 00 00   ................	
    00 00 00 00 66                                    ....f           	
[19/11/2025 21:19:14] Read data (COM4)	
    50 00 81 95 00 09 00 00 00 00 09 00 00 00 00 09   P.Åï............	
    00 00 00 00 09 00 00 00 04 d2 01 b5 01 d2 01 d1   .........“.µ.“.—	
    01 d1 01 d1 5f                                    .—.—_           	
[19/11/2025 21:19:14] Written data (COM4)	
    50 00 81 44 00 00 00 00 00 00 00 00 00 00 00 00   P.ÅD............	
    00 00 00 00 00 00 00 00 00 00 00 00 00 00 00 00   ................	
    00 00 00 00 15                                    .....           	
[19/11/2025 21:19:14] Read data (COM4)	
    50 00 81 44 08 00 00 00 01 14 19 0b 13 15 10 07   P.ÅD............	
    c5 94 97 00 00 00 00 00 00 00 00 00 00 00 00 00   ≈îó.............	
    00 00 00 00 85                                    ....Ö           	
[19/11/2025 21:19:14] Written data (COM4)	
    50 00 81 64 00 00 00 00 00 00 00 00 00 00 00 00   P.Åd............	
    00 00 00 00 00 00 00 00 00 00 00 00 00 00 00 00   ................	
    00 00 00 00 35                                    ....5           	
[19/11/2025 21:19:14] Read data (COM4)	
    50 00 81 64 00 00 00 00 00 00 00 00 00 00 00 00   P.Åd............	
    00 00 00 00 00 00 00 00 00 00 00 00 00 00 00 00   ................	
    00 00 00 00 35                                    ....5           	
[19/11/2025 21:19:14] Written data (COM4)	
    50 00 81 84 00 00 00 00 00 00 00 00 00 00 00 00   P.ÅÑ............	
    00 00 00 00 00 00 00 00 00 00 00 00 00 00 00 00   ................	
    00 00 00 00 55                                    ....U           	
[19/11/2025 21:19:14] Read data (COM4)	
    50 00 81 84 00 00 00 00 00 00 00 00 00 00 00 00   P.ÅÑ............	
    00 00 00 00 00 00 09 00 00 00 00 09 00 00 00 00   ................	
    09 00 00 00 70                                    ....p           	
[19/11/2025 21:19:15] Written data (COM4)	
    50 00 81 95 00 00 00 00 00 00 00 00 00 00 00 00   P.Åï............	
    00 00 00 00 00 00 00 00 00 00 00 00 00 00 00 00   ................	
    00 00 00 00 66                                    ....f           	
[19/11/2025 21:19:15] Read data (COM4)	
    50 00 81 95 00 09 00 00 00 00 09 00 00 00 00 09   P.Åï............	
    00 00 00 00 09 00 00 00 04 d2 01 b5 01 d2 01 d1   .........“.µ.“.—	
    01 d1 01 d1 5f                                    .—.—_           	
[19/11/2025 21:19:15] Written data (COM4)	
    50 00 81 44 00 00 00 00 00 00 00 00 00 00 00 00   P.ÅD............	
    00 00 00 00 00 00 00 00 00 00 00 00 00 00 00 00   ................	
    00 00 00 00 15                                    .....           	
[19/11/2025 21:19:15] Read data (COM4)	
    50 00 81 44 08 00 00 00 01 14 19 0b 13 15 10 08   P.ÅD............	
    c5 94 97 00 00 00 00 00 00 00 00 00 00 00 00 00   ≈îó.............	
    00 00 00 00 86                                    ....Ü           	
[19/11/2025 21:19:15] Written data (COM4)	
    50 00 81 64 00 00 00 00 00 00 00 00 00 00 00 00   P.Åd............	
    00 00 00 00 00 00 00 00 00 00 00 00 00 00 00 00   ................	
    00 00 00 00 35                                    ....5           	
[19/11/2025 21:19:15] Read data (COM4)	
    50 00 81 64 00 00 00 00 00 00 00 00 00 00 00 00   P.Åd............	
    00 00 00 00 00 00 00 00 00 00 00 00 00 00 00 00   ................	
    00 00 00 00 35                                    ....5           	
[19/11/2025 21:19:15] Written data (COM4)	
    50 00 81 84 00 00 00 00 00 00 00 00 00 00 00 00   P.ÅÑ............	
    00 00 00 00 00 00 00 00 00 00 00 00 00 00 00 00   ................	
    00 00 00 00 55                                    ....U           	
[19/11/2025 21:19:15] Read data (COM4)	
    50 00 81 84 00 00 00 00 00 00 00 00 00 00 00 00   P.ÅÑ............	
    00 00 00 00 00 00 09 00 00 00 00 09 00 00 00 00   ................	
    09 00 00 00 70                                    ....p           	
[19/11/2025 21:19:15] Written data (COM4)	
    50 00 81 95 00 00 00 00 00 00 00 00 00 00 00 00   P.Åï............	
    00 00 00 00 00 00 00 00 00 00 00 00 00 00 00 00   ................	
    00 00 00 00 66                                    ....f           	
[19/11/2025 21:19:15] Read data (COM4)	
    50 00 81 95 00 09 00 00 00 00 09 00 00 00 00 09   P.Åï............	
    00 00 00 00 09 00 00 00 04 d2 01 b5 01 d2 01 d1   .........“.µ.“.—	
    01 d1 01 d1 5f                                    .—.—_           	
[19/11/2025 21:19:16] Written data (COM4)	
    50 00 81 44 00 00 00 00 00 00 00 00 00 00 00 00   P.ÅD............	
    00 00 00 00 00 00 00 00 00 00 00 00 00 00 00 00   ................	
    00 00 00 00 15                                    .....           	
[19/11/2025 21:19:16] Read data (COM4)	
    50 00 81 44 08 00 00 00 01 14 19 0b 13 15 10 09   P.ÅD............	
    c5 94 97 00 00 00 00 00 00 00 00 00 00 00 00 00   ≈îó.............	
    00 00 00 00 87                                    ....á           	
[19/11/2025 21:19:16] Written data (COM4)	
    50 00 81 64 00 00 00 00 00 00 00 00 00 00 00 00   P.Åd............	
    00 00 00 00 00 00 00 00 00 00 00 00 00 00 00 00   ................	
    00 00 00 00 35                                    ....5           	
[19/11/2025 21:19:16] Read data (COM4)	
    50 00 81 64 00 00 00 00 00 00 00 00 00 00 00 00   P.Åd............	
    00 00 00 00 00 00 00 00 00 00 00 00 00 00 00 00   ................	
    00 00 00 00 35                                    ....5           	
[19/11/2025 21:19:16] Written data (COM4)	
    50 00 81 84 00 00 00 00 00 00 00 00 00 00 00 00   P.ÅÑ............	
    00 00 00 00 00 00 00 00 00 00 00 00 00 00 00 00   ................	
    00 00 00 00 55                                    ....U           	
[19/11/2025 21:19:16] Read data (COM4)	
    50 00 81 84 00 00 00 00 00 00 00 00 00 00 00 00   P.ÅÑ............	
    00 00 00 00 00 00 09 00 00 00 00 09 00 00 00 00   ................	
    09 00 00 00 70                                    ....p           	
[19/11/2025 21:19:16] Written data (COM4)	
    50 00 81 95 00 00 00 00 00 00 00 00 00 00 00 00   P.Åï............	
    00 00 00 00 00 00 00 00 00 00 00 00 00 00 00 00   ................	
    00 00 00 00 66                                    ....f           	
[19/11/2025 21:19:16] Read data (COM4)	
    50 00 81 95 00 09 00 00 00 00 09 00 00 00 00 09   P.Åï............	
    00 00 00 00 09 00 00 00 04 d2 01 b5 01 d2 01 d1   .........“.µ.“.—	
    01 d1 01 d1 5f                                    .—.—_           	
[19/11/2025 21:19:16] Written data (COM4)	
    50 00 81 44 00 00 00 00 00 00 00 00 00 00 00 00   P.ÅD............	
    00 00 00 00 00 00 00 00 00 00 00 00 00 00 00 00   ................	
    00 00 00 00 15                                    .....           	
[19/11/2025 21:19:17] Read data (COM4)	
    50 00 81 44 08 00 00 00 01 14 19 0b 13 15 10 09   P.ÅD............	
    c5 94 97 00 00 00 00 00 00 00 00 00 00 00 00 00   ≈îó.............	
    00 00 00 00 87                                    ....á           	
[19/11/2025 21:19:17] Written data (COM4)	
    50 00 81 64 00 00 00 00 00 00 00 00 00 00 00 00   P.Åd............	
    00 00 00 00 00 00 00 00 00 00 00 00 00 00 00 00   ................	
    00 00 00 00 35                                    ....5           	
[19/11/2025 21:19:17] Read data (COM4)	
    50 00 81 64 00 00 00 00 00 00 00 00 00 00 00 00   P.Åd............	
    00 00 00 00 00 00 00 00 00 00 00 00 00 00 00 00   ................	
    00 00 00 00 35                                    ....5           	
[19/11/2025 21:19:17] Written data (COM4)	
    50 00 81 84 00 00 00 00 00 00 00 00 00 00 00 00   P.ÅÑ............	
    00 00 00 00 00 00 00 00 00 00 00 00 00 00 00 00   ................	
    00 00 00 00 55                                    ....U           	
[19/11/2025 21:19:17] Read data (COM4)	
    50 00 81 84 00 00 00 00 00 00 00 00 00 00 00 00   P.ÅÑ............	
    00 00 00 00 00 00 09 00 00 00 00 09 00 00 00 00   ................	
    09 00 00 00 70                                    ....p           	
[19/11/2025 21:19:17] Written data (COM4)	
    50 00 81 95 00 00 00 00 00 00 00 00 00 00 00 00   P.Åï............	
    00 00 00 00 00 00 00 00 00 00 00 00 00 00 00 00   ................	
    00 00 00 00 66                                    ....f           	
[19/11/2025 21:19:17] Read data (COM4)	
    50 00 81 95 00 09 00 00 00 00 09 00 00 00 00 09   P.Åï............	
    00 00 00 00 09 00 00 00 04 d2 01 b5 01 d2 01 d1   .........“.µ.“.—	
    01 d1 01 d1 5f                                    .—.—_           	
[19/11/2025 21:19:17] Written data (COM4)	
    50 00 81 44 00 00 00 00 00 00 00 00 00 00 00 00   P.ÅD............	
    00 00 00 00 00 00 00 00 00 00 00 00 00 00 00 00   ................	
    00 00 00 00 15                                    .....           	
[19/11/2025 21:19:17] Read data (COM4)	
    50 00 81 44 08 00 00 00 01 14 19 0b 13 15 10 0a   P.ÅD............	
    c5 94 98 00 00 00 00 00 00 00 00 00 00 00 00 00   ≈îò.............	
    00 00 00 00 89                                    ....â           	
[19/11/2025 21:19:18] Written data (COM4)	
    50 00 81 64 00 00 00 00 00 00 00 00 00 00 00 00   P.Åd............	
    00 00 00 00 00 00 00 00 00 00 00 00 00 00 00 00   ................	
    00 00 00 00 35                                    ....5           	
[19/11/2025 21:19:18] Read data (COM4)	
    50 00 81 64 00 00 00 00 00 00 00 00 00 00 00 00   P.Åd............	
    00 00 00 00 00 00 00 00 00 00 00 00 00 00 00 00   ................	
    00 00 00 00 35                                    ....5           	
[19/11/2025 21:19:18] Written data (COM4)	
    50 00 81 84 00 00 00 00 00 00 00 00 00 00 00 00   P.ÅÑ............	
    00 00 00 00 00 00 00 00 00 00 00 00 00 00 00 00   ................	
    00 00 00 00 55                                    ....U           	
[19/11/2025 21:19:18] Read data (COM4)	
    50 00 81 84 00 00 00 00 00 00 00 00 00 00 00 00   P.ÅÑ............	
    00 00 00 00 00 00 09 00 00 00 00 09 00 00 00 00   ................	
    09 00 00 00 70                                    ....p           	
[19/11/2025 21:19:18] Written data (COM4)	
    50 00 81 95 00 00 00 00 00 00 00 00 00 00 00 00   P.Åï............	
    00 00 00 00 00 00 00 00 00 00 00 00 00 00 00 00   ................	
    00 00 00 00 66                                    ....f           	
[19/11/2025 21:19:18] Read data (COM4)	
    50 00 81 95 00 09 00 00 00 00 09 00 00 00 00 09   P.Åï............	
    00 00 00 00 09 00 00 00 04 d2 01 b5 01 d2 01 d1   .........“.µ.“.—	
    01 d1 01 d1 5f                                    .—.—_           	
[19/11/2025 21:19:18] Written data (COM4)	
    50 00 81 44 00 00 00 00 00 00 00 00 00 00 00 00   P.ÅD............	
    00 00 00 00 00 00 00 00 00 00 00 00 00 00 00 00   ................	
    00 00 00 00 15                                    .....           	
[19/11/2025 21:19:18] Read data (COM4)	
    50 00 81 44 08 00 00 00 01 14 19 0b 13 15 10 0b   P.ÅD............	
    c5 94 97 00 00 00 00 00 00 00 00 00 00 00 00 00   ≈îó.............	
    00 00 00 00 89                                    ....â           	
[19/11/2025 21:19:18] Written data (COM4)	
    50 00 81 64 00 00 00 00 00 00 00 00 00 00 00 00   P.Åd............	
    00 00 00 00 00 00 00 00 00 00 00 00 00 00 00 00   ................	
    00 00 00 00 35                                    ....5           	
[19/11/2025 21:19:18] Read data (COM4)	
    50 00 81 64 00 00 00 00 00 00 00 00 00 00 00 00   P.Åd............	
    00 00 00 00 00 00 00 00 00 00 00 00 00 00 00 00   ................	
    00 00 00 00 35                                    ....5           	
[19/11/2025 21:19:19] Written data (COM4)	
    50 00 81 84 00 00 00 00 00 00 00 00 00 00 00 00   P.ÅÑ............	
    00 00 00 00 00 00 00 00 00 00 00 00 00 00 00 00   ................	
    00 00 00 00 55                                    ....U           	
[19/11/2025 21:19:19] Read data (COM4)	
    50 00 81 84 00 00 00 00 00 00 00 00 00 00 00 00   P.ÅÑ............	
    00 00 00 00 00 00 09 00 00 00 00 09 00 00 00 00   ................	
    09 00 00 00 70                                    ....p           	
[19/11/2025 21:19:19] Written data (COM4)	
    50 00 81 95 00 00 00 00 00 00 00 00 00 00 00 00   P.Åï............	
    00 00 00 00 00 00 00 00 00 00 00 00 00 00 00 00   ................	
    00 00 00 00 66                                    ....f           	
[19/11/2025 21:19:19] Read data (COM4)	
    50 00 81 95 00 09 00 00 00 00 09 00 00 00 00 09   P.Åï............	
    00 00 00 00 09 00 00 00 04 d2 01 b5 01 d2 01 d1   .........“.µ.“.—	
    01 d1 01 d1 5f                                    .—.—_           	
[19/11/2025 21:19:19] Written data (COM4)	
    50 00 81 44 00 00 00 00 00 00 00 00 00 00 00 00   P.ÅD............	
    00 00 00 00 00 00 00 00 00 00 00 00 00 00 00 00   ................	
    00 00 00 00 15                                    .....           	
[19/11/2025 21:19:19] Read data (COM4)	
    50 00 81 44 08 00 00 00 01 14 19 0b 13 15 10 0c   P.ÅD............	
    c5 94 98 00 00 00 00 00 00 00 00 00 00 00 00 00   ≈îò.............	
    00 00 00 00 8b                                    ....ã           	
[19/11/2025 21:19:19] Written data (COM4)	
    50 00 81 64 00 00 00 00 00 00 00 00 00 00 00 00   P.Åd............	
    00 00 00 00 00 00 00 00 00 00 00 00 00 00 00 00   ................	
    00 00 00 00 35                                    ....5           	
[19/11/2025 21:19:19] Read data (COM4)	
    50 00 81 64 00 00 00 00 00 00 00 00 00 00 00 00   P.Åd............	
    00 00 00 00 00 00 00 00 00 00 00 00 00 00 00 00   ................	
    00 00 00 00 35                                    ....5           	
[19/11/2025 21:19:19] Written data (COM4)	
    50 00 81 84 00 00 00 00 00 00 00 00 00 00 00 00   P.ÅÑ............	
    00 00 00 00 00 00 00 00 00 00 00 00 00 00 00 00   ................	
    00 00 00 00 55                                    ....U           	
[19/11/2025 21:19:19] Read data (COM4)	
    50 00 81 84 00 00 00 00 00 00 00 00 00 00 00 00   P.ÅÑ............	
    00 00 00 00 00 00 09 00 00 00 00 09 00 00 00 00   ................	
    09 00 00 00 70                                    ....p           	
[19/11/2025 21:19:20] Written data (COM4)	
    50 00 81 95 00 00 00 00 00 00 00 00 00 00 00 00   P.Åï............	
    00 00 00 00 00 00 00 00 00 00 00 00 00 00 00 00   ................	
    00 00 00 00 66                                    ....f           	
[19/11/2025 21:19:20] Read data (COM4)	
    50 00 81 95 00 09 00 00 00 00 09 00 00 00 00 09   P.Åï............	
    00 00 00 00 09 00 00 00 04 d2 01 b5 01 d2 01 d1   .........“.µ.“.—	
    01 d1 01 d1 5f                                    .—.—_           	
[19/11/2025 21:19:20] Written data (COM4)	
    50 00 81 44 00 00 00 00 00 00 00 00 00 00 00 00   P.ÅD............	
    00 00 00 00 00 00 00 00 00 00 00 00 00 00 00 00   ................	
    00 00 00 00 15                                    .....           	
[19/11/2025 21:19:20] Read data (COM4)	
    50 00 81 44 08 00 00 00 01 14 19 0b 13 15 10 0d   P.ÅD............	
    c5 94 97 00 00 00 00 00 00 00 00 00 00 00 00 00   ≈îó.............	
    00 00 00 00 8b                                    ....ã           	
[19/11/2025 21:19:20] Written data (COM4)	
    50 00 81 64 00 00 00 00 00 00 00 00 00 00 00 00   P.Åd............	
    00 00 00 00 00 00 00 00 00 00 00 00 00 00 00 00   ................	
    00 00 00 00 35                                    ....5           	
[19/11/2025 21:19:20] Read data (COM4)	
    50 00 81 64 00 00 00 00 00 00 00 00 00 00 00 00   P.Åd............	
    00 00 00 00 00 00 00 00 00 00 00 00 00 00 00 00   ................	
    00 00 00 00 35                                    ....5           	
[19/11/2025 21:19:20] Written data (COM4)	
    50 00 81 84 00 00 00 00 00 00 00 00 00 00 00 00   P.ÅÑ............	
    00 00 00 00 00 00 00 00 00 00 00 00 00 00 00 00   ................	
    00 00 00 00 55                                    ....U           	
[19/11/2025 21:19:20] Read data (COM4)	
    50 00 81 84 00 00 00 00 00 00 00 00 00 00 00 00   P.ÅÑ............	
    00 00 00 00 00 00 09 00 00 00 00 09 00 00 00 00   ................	
    09 00 00 00 70                                    ....p           	
[19/11/2025 21:19:20] Written data (COM4)	
    50 00 81 95 00 00 00 00 00 00 00 00 00 00 00 00   P.Åï............	
    00 00 00 00 00 00 00 00 00 00 00 00 00 00 00 00   ................	
    00 00 00 00 66                                    ....f           	
[19/11/2025 21:19:20] Read data (COM4)	
    50 00 81 95 00 09 00 00 00 00 09 00 00 00 00 09   P.Åï............	
    00 00 00 00 09 00 00 00 04 d2 01 b5 01 d2 01 d1   .........“.µ.“.—	
    01 d1 01 d1 5f                                    .—.—_           	
[19/11/2025 21:19:21] Written data (COM4)	
    50 00 81 44 00 00 00 00 00 00 00 00 00 00 00 00   P.ÅD............	
    00 00 00 00 00 00 00 00 00 00 00 00 00 00 00 00   ................	
    00 00 00 00 15                                    .....           	
[19/11/2025 21:19:21] Read data (COM4)	
    50 00 81 44 08 00 00 00 01 14 19 0b 13 15 10 0e   P.ÅD............	
    c5 94 98 00 00 00 00 00 00 00 00 00 00 00 00 00   ≈îò.............	
    00 00 00 00 8d                                    ....ç           	
